rmse_V1 = 1.189540617
rmse_V2 = 1.651775072